ans =---------------------------------

         0         0         0
    0.0005    0.0006    2.2115
    0.0010    0.0021    3.9313
    0.0015    0.0044    5.2664
    0.0020    0.0073    6.3004
    0.0025    0.0107    7.0986
    0.0030    0.0144    7.7125
    0.0035    0.0184    8.1821
    0.0040    0.0226    8.5387
    0.0045    0.0269    8.8070
    0.0050    0.0314    9.0062
    0.0055    0.0359    9.1514
    0.0060    0.0405    9.2544
    0.0065    0.0452    9.3243
    0.0070    0.0498    9.3685
    0.0075    0.0545    9.3926
    0.0080    0.0592    9.4009

